INDEX.

000000 0. 0111. 15.
00000 21.
001010 aliquid 38. 00101000146.

0010100. duplici 000. 38.
0011010 0. 101. 133.
0011100000111002.

Cessare 0. 101. 133.

00019300.

0111100173.

01110 74.

01110 157.

010010 3. 119.

000100101011000. 120.

Cogere 0. inf. 126. seq. 01145.

00110011101. 2. 00010101. verbi
149 sq.

0011000110 10100100155-157,

Communis 0. 1101. 42.

00100010110000 4.

0010010100. gen. 51.

Conari 0. 101. 125.

0000011010 cum 000. c. inf. 130.

000010100121.

00010110 aliquid 01100110145.

Confugere cum 000. 0. 101. 131.

0001000110 0011011001100138.

00010 00010 01100111 0110110 10 17.
0010 01100010 56.

00001000101011000. 120.

00000011 eum 000. 0. 101. 131.

0000000110101000100113800.

Consimilis 0. gen. 50.

0000101010 011000 10 17.,

Constare 01100010 16. ’

consuescere 11000. 120. 0001101.
132 00. 000000100 121.

contendere 01100140. 0. 101. 127.

00011074.

Convenit impers. 120. 0010000. 0.
inf. 132.

0011103.

Creber pro cdv. 151.

0101οι 121.

000101οθ0. 55-57,

0001 (011010) 0001000110 193. 0001
ind. 141. cum 0001. 14600. 0001-
0001101511.

Cumque 193.

Cupido elicuius 101 51.

Cupidus 0. gen. 50. 0. gen. geruu-
dii 135.

001161.

001010 01 144. 0. 00 146.

0.

Damnare 0. gen. 50.
00111100 0. 101. 125.

00 57-60.

0000100010οο. 0. 101. 132. ,

000110010 11000. 0110111100. 119.

Deditus 0. (101. 41. 10 01100010

0011000100.01)1.4.

Defessus 0001101. 132.

Deficere 0. 000. 38.

Deinde 11.

Denique 160.

Deorsum 7.

000000011012000.

Desinere 0. 101. 127.

000101010 0010 inf. 133.

Differre c. dat. 45. ⁸

Diffidere 0. (101. 39.

0100011 0. 101. 127.

Dignus 0. 0111. 15.

01000111110000. 122.

Dissimilis 0. (101. 45.

0100011010 e. ubl. 4.

Domi9.

0000100. abl. 16.

Donec 192. postpositum 156.

Denique 192.

Dubitare 0. inf. 128. oum 000. 0.
101. 131.

0001 192 sq. oum coni. 147.

Duplex 115.

Il.

0, ex 60 sqq.

110010010184.

1100000 110.

0110100121.

Efficere seq. 01143.

000000 0. gen. 50.

Egere 0. 0111. 14. c. gen. 50.

01110010 0100. is 104. verborum
12200.

0100101011000. 120.

Enim 189 sq. ’

0000010110000153-155, 00. 00-1
00011011οθ 154 00.

Eo 30.

01000. gen. 47.

0100 0001000110 190.

Erumpere cum ubl. 4. 11000. 0110-
11000. 119.

0000 01101 duplici nom. 3. 011101.
115 00. 001 1010010011. 120. 000.

. cf 143.

111 170-174.

0100110 190.

1111001 182.

1110000010 0. 000. 37. 0. 001. 45.

 

